offset:
  head_pitch: 0.033764063654128
  head_yaw: -0.01073786550292969
  l_ankle_pitch: -0.017456779081418
  l_ankle_roll: -0.00805344946875
  l_hip_pitch: 0.07254103371628993
  l_hip_roll: 0.01611476747630679
  l_hip_yaw: -0.0053689663125
  l_knee_pitch: -0.06112623871228978
  l_shoulder_pitch: 0
  r_ankle_pitch: 0.02350866833398285
  r_ankle_roll: 0.03625822682169028
  r_hip_pitch: -0.1295830139505259
  r_hip_roll: 0.01208607560723009
  r_hip_yaw: 0.001342897289692232
  r_knee_pitch: 0.02351617620471014
  r_shoulder_pitch: -0.0030679609375
  waist_yaw: 0.001023153445041524
init_pose_for_offset_tuner:
  head_pitch: 0
  head_yaw: 0
  l_ankle_pitch: 0
  l_ankle_roll: 0
  l_hip_pitch: 0
  l_hip_roll: 0
  l_hip_yaw: 0
  l_knee_pitch: 0
  l_shoulder_pitch: 0
  r_ankle_pitch: 0
  r_ankle_roll: 0
  r_hip_pitch: 0
  r_hip_roll: 0
  r_hip_yaw: 0
  r_knee_pitch: 0
  r_shoulder_pitch: 0
  waist_yaw: 0