offset:
  l_ankle_pitch: -0.0006714145800545383
  l_ankle_roll: 0
  l_hip_pitch: 0.08798958719290725
  l_hip_roll: -0.0369116433984375
  l_hip_yaw: -0.00268448315625
  l_knee_pitch: -0.05306563580517465
  r_ankle_pitch: 0
  r_ankle_roll: 0.05170154565315095
  r_hip_pitch: -0.1248831118901441
  r_hip_roll: 0.01678621612115291
  r_hip_yaw: -0.020133623671875
  r_knee_pitch: 0.0167972687176501
  waist_yaw: 0
init_pose_for_offset_tuner:
  l_ankle_pitch: 0
  l_ankle_roll: 0
  l_hip_pitch: 0
  l_hip_roll: 0
  l_hip_yaw: 0
  l_knee_pitch: 0
  r_ankle_pitch: 0
  r_ankle_roll: 0
  r_hip_pitch: 0
  r_hip_roll: 0
  r_hip_yaw: 0
  r_knee_pitch: 0
  waist_yaw: 0