offset:
  head_pitch: 0.01995149215925745
  head_yaw: -0.004601942358398438
  l_ankle_pitch: 0.0416061195104712
  l_ankle_roll: 0.04364416191499756
  l_hip_pitch: -0.0469439285938522
  l_hip_roll: 0.02618649714899854
  l_hip_yaw: 0.02618649714899854
  l_knee_pitch: 0.01062434086260869
  l_shoulder_pitch: 0
  r_ankle_pitch: 0.006716762381137957
  r_ankle_roll: -0.0697965620625
  r_hip_pitch: 0.02147412619895288
  r_hip_roll: 0.03424388088715193
  r_hip_yaw: 0.01477187018661456
  r_knee_pitch: -0.05818091424761904
  r_shoulder_pitch: -0.009203882812500001
  waist_yaw: 0.001023153445041524
init_pose_for_offset_tuner:
  head_pitch: 0
  head_yaw: 0
  l_ankle_pitch: 0
  l_ankle_roll: 0
  l_hip_pitch: 0
  l_hip_roll: 0
  l_hip_yaw: 0
  l_knee_pitch: 0
  l_shoulder_pitch: 0
  r_ankle_pitch: 0
  r_ankle_roll: 0
  r_hip_pitch: 0
  r_hip_roll: 0
  r_hip_yaw: 0
  r_knee_pitch: 0
  r_shoulder_pitch: 0
  waist_yaw: 0